<?xml version="1.0"?>
<opencv_storage>
<intrinsics type_id="opencv-matrix">
  <rows>3</rows>
  <cols>3</cols>
  <dt>d</dt>
  <data>
    1.1376385652713020e+03 0. 9.8649535465369183e+02
    0. 1.1383456164433110e+03 7.6272351292215490e+02
    0. 0. 1.</data></intrinsics>
<distCoeffs type_id="opencv-matrix">
  <rows>1</rows>
  <cols>5</cols>
  <dt>d</dt>
  <data>
    -3.0441807862136899e-01 1.4122500639901969e-01
       1.1677646186642909e-05 -5.0375657185647543e-04
       -3.9920762993746910e-02</data></distCoeffs>
</opencv_storage>