<?xml version="1.0"?>
<opencv_storage>
<intrinsics type_id="opencv-matrix">
  <rows>3</rows>
  <cols>3</cols>
  <dt>d</dt>
  <data>
    1.129030646502267e+03 0.553415584987641 9.602723919760940e+02
    0 1.124937478023563e+03 7.376802581570477e+02
    0 0 1</data></intrinsics>
<distCoeffs type_id="opencv-matrix">
  <rows>1</rows>
  <cols>5</cols>
  <dt>d</dt>
  <data>
    -0.280765681053694 0.076672430563571 
    5.279097067123279e-04 8.839843834317017e-04
    0</data></distCoeffs>
</opencv_storage>
